
[[0.56226584 5.83115997 2.26761374 3.95437652]
 [6.36849486 0.375      2.70853736 1.9730533 ]
 [2.68825392 4.6527894  0.82835018 2.39556907]
 [4.20206767 3.16589157 1.80411311 0.39670052]]

minimum per line:[0.56226584 0.375      0.82835018 0.39670052]
diagonal: [0.56226584 0.375      0.82835018 0.39670052]

diagonal_mean: 0.5405791353595352
____________________________________________________

average: 0.5835075034684147

hausdorff: 3.605551275463989

similar images

time: 0.03697919845581055
