
[[1.9542774  2.39864027 1.74723565 3.34084988]
 [3.96377444 2.18707938 3.67732391 2.40396323]
 [1.71446454 2.91730369 0.8622113  1.39406059]
 [2.03271424 1.75119398 2.67886706 1.25830941]]

minimum per line:[1.74723565 2.18707938 0.8622113  1.25830941]
diagonal: [1.9542774  2.18707938 0.8622113  1.25830941]

diagonal_mean: 1.565469372432129
____________________________________________________

average: 1.470811175666758

hausdorff: 6.708203932499369

non-similar images

time: 0.04095745086669922
