
[[1.96247893 2.62892479 1.90578849 4.188035  ]
 [2.80384457 2.63283664 4.29307798 1.48686235]
 [1.70330047 3.90505728 0.90870756 2.76759992]
 [2.07033361 2.8497343  2.20608913 0.36324357]]

minimum per line:[1.90578849 1.48686235 0.90870756 0.36324357]
diagonal: [1.96247893 2.63283664 0.90870756 0.36324357]

diagonal_mean: 1.46681667732551
____________________________________________________

average: 1.3668519705311355

hausdorff: 8.06225774829855

non-similar images

time: 0.04195547103881836
