
[[1.3472009  5.04864097 1.98913217 4.7557547 ]
 [3.59283874 0.85011789 3.99815265 1.95829976]
 [2.08267961 3.84610736 1.54825074 2.21089747]
 [2.04883542 2.2089555  2.55492203 1.53406229]]

minimum per line:[1.3472009  0.85011789 1.54825074 1.53406229]
diagonal: [1.3472009  0.85011789 1.54825074 1.53406229]

diagonal_mean: 1.3199079548692234
____________________________________________________

average: 1.3352437083512165

hausdorff: 5.0990195135927845

non-similar images

time: 0.03711819648742676
