
[[1.45391588 4.23980716 2.37395149 4.60520989]
 [5.76035413 1.55860062 3.37629724 1.87192772]
 [3.09227593 2.84138944 1.02486957 2.53280715]
 [3.61010676 1.3378224  2.4976791  0.91190075]]

minimum per line:[1.45391588 1.55860062 1.02486957 0.91190075]
diagonal: [1.45391588 1.55860062 1.02486957 0.91190075]

diagonal_mean: 1.2373217065227418
____________________________________________________

average: 1.154370197632801

hausdorff: 3.1622776601683795

similar images

time: 0.03899741172790527
