
[[1.12312756 5.00304511 2.25359366 3.55461617]
 [5.09946324 0.87159903 3.2376908  2.75225621]
 [1.20563477 3.75533879 0.69631608 2.10570092]
 [3.23369341 1.52748882 2.16179628 0.70054668]]

minimum per line:[1.12312756 0.87159903 0.69631608 0.70054668]
diagonal: [1.12312756 0.87159903 0.69631608 0.70054668]

diagonal_mean: 0.8478973349558788
____________________________________________________

average: 0.8459671275474581

hausdorff: 3.1622776601683795

similar images

time: 0.03897666931152344
