
[[0.7927135  2.8620721  1.29796828 1.87751743]
 [7.02648551 3.14385988 4.62381498 3.86597163]
 [2.91759408 2.33449551 1.11637983 1.77058755]
 [5.01429201 0.89158147 2.67363409 2.17786266]]

minimum per line:[0.7927135  3.14385988 1.11637983 0.89158147]
diagonal: [0.7927135  3.14385988 1.11637983 2.17786266]

diagonal_mean: 1.8077039669691544
____________________________________________________

average: 1.691161169159181

hausdorff: 4.47213595499958

non-similar images

time: 0.040975332260131836
