
[[0.99368247 6.20373009 1.12586582 4.76655585]
 [4.79841171 0.47916667 4.65963979 1.18107987]
 [1.98841633 4.59188488 1.86975321 2.78945704]
 [2.67981184 3.11377972 3.64559092 1.22082492]]

minimum per line:[0.99368247 0.47916667 1.86975321 1.22082492]
diagonal: [0.99368247 0.47916667 1.86975321 1.22082492]

diagonal_mean: 1.1408568178176792
____________________________________________________

average: 1.2120821979461975

hausdorff: 5.830951894845301

non-similar images

time: 0.03797650337219238
