
[[1.34830068 5.52679805 1.45733131 4.33111881]
 [4.43002165 0.76388889 3.28846315 1.76236156]
 [1.58687183 3.6927932  1.94672573 2.21571037]
 [2.42979683 2.22000323 3.23217371 0.78532274]]

minimum per line:[1.34830068 0.76388889 1.58687183 0.78532274]
diagonal: [1.34830068 0.76388889 1.94672573 0.78532274]

diagonal_mean: 1.2110595081860023
____________________________________________________

average: 1.2838693889864274

hausdorff: 5.385164807134504

non-similar images

time: 0.03997540473937988
