
[[1.61356698 3.96221999 1.20498265 3.78199339]
 [4.02618631 1.55030474 3.7652454  1.88319713]
 [3.00575318 3.10335774 1.52660029 2.35397378]
 [2.71965374 1.77780906 2.83435697 0.85435859]]

minimum per line:[1.20498265 1.55030474 1.52660029 0.85435859]
diagonal: [1.61356698 1.55030474 1.52660029 0.85435859]

diagonal_mean: 1.3862076504224132
____________________________________________________

average: 1.3709470085112507

hausdorff: 5.385164807134504

non-similar images

time: 0.03895688056945801
